372 39 #UTIL: 169948
414 #UTIL: 61674
414 49 #UTIL: 463274
414 49 40 #UTIL: 278489
414 40 #UTIL: 278489
439 49 #UTIL: 463274
439 49 40 #UTIL: 278489
439 40 #UTIL: 278489
287 40 #UTIL: 278489
287 40 39 #UTIL: 169948
287 39 #UTIL: 169948
302 49 #UTIL: 463274
302 49 40 #UTIL: 278489
302 40 #UTIL: 278489
311 49 #UTIL: 463274
311 49 40 #UTIL: 278489
311 40 #UTIL: 278489
339 49 #UTIL: 463274
1147 49 #UTIL: 463274
1147 49 40 #UTIL: 278489
1147 40 #UTIL: 278489
476 49 #UTIL: 463274
476 49 40 #UTIL: 278489
476 40 #UTIL: 278489
57 39 #UTIL: 169948
148 49 #UTIL: 463274
148 49 40 #UTIL: 278489
148 40 #UTIL: 278489
56 39 #UTIL: 169948
50 49 #UTIL: 463274
50 49 40 #UTIL: 278489
50 40 #UTIL: 278489
49 #UTIL: 463274
49 42 #UTIL: 246819
49 42 40 #UTIL: 278489
49 42 40 39 #UTIL: 169948
49 42 39 #UTIL: 169948
49 42 39 33 #UTIL: 251640
49 42 33 #UTIL: 251640
49 40 #UTIL: 278489
49 40 39 #UTIL: 169948
49 39 #UTIL: 169948
49 39 33 #UTIL: 251640
49 33 #UTIL: 251640
42 #UTIL: 246819
42 40 #UTIL: 278489
42 40 39 #UTIL: 169948
42 39 #UTIL: 169948
42 39 33 #UTIL: 251640
42 33 #UTIL: 251640
40 #UTIL: 278489
40 39 #UTIL: 169948
39 #UTIL: 169948
39 37 #UTIL: 128688
39 33 #UTIL: 251640
39 171 #UTIL: 68092
37 #UTIL: 128688
33 #UTIL: 251640
171 #UTIL: 68092
10 #UTIL: 60968
2239 #UTIL: 65765
